2980620
13648760
15948619
19218097
24204492
26776762
29585473
30350310
37026149
38307358
41491833
42305881
45041744
48493583
49121454
50396992
58125849
58792255
60195038
63423322
64787154
65634471
65891176
66440872
66967760
68616941
70516321
72646067
75473945
77647304
80413738
81222990
81246016
89261758
91369266
95523425
109559331
110227968
110849120
110907348
112671599
114053887
117572768
118221812
118227844
119396712
119904256
120718980
120723357
126301416
127320162
127777585
128002421
128816915
129939325
130081126
131924986
134160457
135191930
136255408
136425328
138254390
139255692
140546023
142237874
142409621
151462886
154605352
154615788
157590924
168429352
173485417
175655062
175827502
178878739
183155306
186800886
187371877
190651799
191126306
191530903
193099634
193919038
194094254
195663875
196348699
196759370
197400001
197707279
197882348
202360982
205126202
208488752
209170316
210804565
211885418
212493441
217998213
219503315
223514960
225487093
225516815
226816462
242198480
242369031
246079995
248974442
249805692
255435934
258693740
261527973
265197815
267434908
270476052
278237750
278950845
279737908
281114771
281807608
281818512
283232794
285380637
285416694
286966264
289896262
292768590
297434119
301692317
301954238
303101789
303953582
304836212
305525487
307382323
319440691
320195363
321676009
322639720
324741267
324964146
330144527
330783849
332135777
332313218
337914214
340683982
341061054
345334388
348047729
350515606
356423436
357888939
359265662
360642207
361018491
361860381
362156057
363110185
364236031
364889738
364932148
369559146
376169920
377744147
382507654
382890727
383488433
383532801
383911325
384479111
387757208
387823364
388429768
389666038
390798929
392131660
392413303
394010586
395087311
398042763
398322704
401142644
404877333
408457047
408722133
410544314
411571389
412601202
412789285
414868409
416256922
420333010
420782634
424032337
424510193
424550342
425411219
426132217
427066752
427177035
433078443
434450778
440263625
444167008
445498434
448246247
449278930
451747027
452212064
452710536
453329205
455693331
457479877
459857711
460364684
461159403
462005013
462868423
464445723
470178076
471362605
472216548
473158976
475284569
475398137
480070725
486003698
486198878
487218615
490097165
491980035
492507500
493167461
496025362
496216098
498574498
499467373
501333752
502730422
502899179
503230374
506565359
508687619
512728164
513067045
516550401
517235632
521755519
522159406
522319896
525699729
526942032
531020819
531464955
533197167
533836069
533875571
534109222
534238197
534839026
537342727
537842009
541678312
542274241
544782060
546895025
549295783
549300570
558570782
560625550
563894861
565774415
565836847
569969603
575813982
576110740
579890440
585431090
588778461
595811716
609999705
610168994
611698125
612887148
616124555
623913688
625691987
626235794
631484636
634988393
635386936
636953830
638647521
640042592
640881487
643947817
644217256
653177751
657956203
664098374
668119373
669063380
669129732
670619338
672213864
673893335
674114300
674947460
676955224
678750153
679528829
679834928
680351143
681361006
682782612
684915834
689350581
690691091
695309318
697045781
697815332
704982806
705398215
707919974
708262456
708984186
712715449
713173857
716975527
719469414
720616218
723506136
723950385
724970300
735341299
737435292
738694364
738698840
740306531
746107317
746370768
747818033
748135671
748877631
751980175
755445508
756863348
757356667
759153838
759504573
766680319
769303119
770089741
772182959
774293595
776824646
777607007
778942945
779004085
784739065
787124324
791300318
792327469
793458020
794591988
796324781
799365478
800628005
802152248
810483443
812323524
813919141
818235358
822224257
822624356
823308507
823922647
825985874
826403103
828895603
829161873
830545552
831605439
838173787
838836639
838990370
843216728
844110669
844543840
848558217
852002647
854093468
857895883
859249520
862420516
864820244
871551744
874142169
874263988
876386943
882412845
885820212
887669229
888659751
895871379
895964892
898767846
903532141
905038104
906566460
912028005
912974775
913159672
913699645
914735514
915946672
916215193
916929820
919072097
919470305
919486983
921912608
922433574
922779460
924317135
925621237
928189616
929970941
931802790
933571327
939823708
940272196
941207709
942235145
947337771
948217433
950329766
951656183
955060217
955073915
959766191
960758283
967518043
969176020
971468087
976503116
976686664
977572663
980582767
980738154
982356631
985702219
985981491
986161531
986517573
994208000
995028759
995545365
1003121108
1003867863
1003893904
1008388528
1013506347
1013671949
1014291731
1016387742
1019535166
1022105682
1023097871
1023184171
1024772547
1025822367
1026360770
1027027534
1030730209
1033711679
1034231001
1036323895
1037119265
1038788586
1046258896
1049098665
1049905179
1050666891
1052461860
1052566469
1054308129
1056314072
1059177764
1060092050
1060928892
1061742842
1061794373
1062460509
1065022497
1065599284
1067044320
1071671244
1073209784
1076786433
1077371784
1077965399
1081221081
1081259412
1083122807
1087949791
1090094995
1099596434
1101369630
1102234071
1102324997
1105015161
1106231052
1106623921
1107576378
1108070083
1108888781
1109286141
1110638268
1111800327
1112054091
1113304619
1116340563
1121360974
1123177217
1124444893
1126232139
1128416798
1128914490
1130156862
1132289380
1132304559
1140009807
1140064767
1140927825
1142889665
1148746283
1151037754
1153775165
1156309211
1157806631
1158197022
1159140159
1164507006
1164831037
1172427569
1174161977
1185022000
1185468558
1193861310
1193903487
1195335152
1196029607
1204820398
1215186890
1216059365
1222119031
1223527037
1225650902
1227703653
1228011579
1237756518
1242553355
1242865250
1244316757
1245564203
1249611282
1249825913
1250037268
1251867876
1252711087
1253956160
1258857491
1258995018
1261883569
1263800331
1265282627
1265860373
1266050835
1267485861
1268130235
1270063826
1270400078
1270615559
1270674955
1272075863
1278127809
1278574756
1280782181
1281774844
1281863601
1283794637
1283993393
1288427424
1291405505
1292591333
1293736094
1298745843
1300027605
1300292741
1301868417
1306965842
1309672868
1310294829
1310579291
1311261244
1312798523
1314469842
1314534541
1314798871
1315042967
1316234966
1321224299
1322594472
1325895676
1325932923
1326228591
1329918628
1333350483
1338307676
1345297452
1347860203
1348233971
1349071554
1351787325
1357550489
1359024236
1359303059
1360906515
1364278239
1366422101
1370057029
1370203338
1370440189
1372432828
1373135766
1374026164
1375200625
1376864614
1377870455
1388232209
1392715786
1394926441
1399365718
1400636034
1400804029
1400964389
1402749093
1403202220
1404311632
1404494668
1406974406
1410071384
1410870277
1412183953
1413038978
1423035112
1423059274
1430247090
1431175129
1431413542
1435791226
1437116109
1438389977
1442475753
1442888926
1448014102
1448637322
1449271001
1452032095
1459865981
1460328436
1460669967
1461298247
1461498726
1463504772
1471528108
1471837847
1472504274
1472959538
1474586144
1479103334
1483129141
1483375648
1483929275
1484696432
1485878096
1487855653
1490348888
1490944379
1491608825
1491985647
1492844518
1493190560
1495430495
1498458984
1499423428
1501618901
1504105630
1506806193
1509131809
1512684328
1513823494
1514621480
1516245285
1517083886
1518615572
1520173996
1522137521
1522876493
1523585031
1525293153
1526960121
1528751122
1531465082
1531890509
1532222727
1534126684
1534973532
1535476695
1537919985
1538166964
1538365423
1542212440
1542752473
1546623939
1547677676
1548877100
1548931127
1549124098
1551930295
1552194648
1552553355
1552634056
1555203892
1555298069
1557142144
1559748384
1559830859
1560155765
1563198901
1565031129
1565844653
1568765917
1571655422
1574507630
1576745648
1577284594
1578969810
1582236962
1586033595
1586737621
1588934877
1590367733
1591531644
1597145943
1598684433
1598921435
1603238912
1607038069
1607038313
1610093409
1612460532
1617434429
1617924777
1619526875
1621595378
1622145604
1623666236
1628398464
1629635671
1631854840
1637044039
1638781438
1640534919
1644836168
1645934559
1650312134
1650713961
1652506813
1654145125
1659009238
1667923084
1669304719
1670085987
1670269558
1670585949
1671201354
1673553918
1673781700
1675771800
1676809665
1679237531
1680739734
1682202559
1682522721
1686022481
1688876235
1697751972
1699305393
1699555757
1702256784
1702410960
1703869365
1704275436
1705933058
1709231619
1709446544
1711072221
1712242411
1719579040
1721831149
1724007046
1727054239
1727088289
1728628308
1730331533
1731164918
1736482606
1736912112
1738057723
1742993916
1743900397
1746212799
1748308343
1748677682
1750837979
1751556605
1751705534
1752728047
1753161086
1755018474
1759627361
1760472061
1760882564
1761447996
1761477858
1779805242
1780270193
1783931789
1784185249
1784367116
1786296132
1788500658
1789981753
1795375682
1796387244
1798308953
1800230056
1800835022
1804579791
1805474102
1811039193
1811222592
1812569024
1813009520
1817429164
1820622489
1821051641
1822808289
1836477999
1840365901
1841210021
1843894682
1846345279
1848954723
1851055899
1853126126
1854889156
1856555189
1857366893
1857762392
1862541428
1863797057
1867408339
1869029241
1872557181
1875675245
1876881420
1877063303
1877205019
1883642556
1884694054
1886250994
1887836851
1889450259
1890523626
1890543475
1893070823
1895634597
1895839351
1906148986
1907659440
1913383324
1919420205
1920631201
1922209996
1924825874
1925695603
1927337030
1929010842
1930323235
1934129031
1937787219
1942104887
1943000172
1944059407
1944939714
1946050066
1947319757
1952199161
1956314292
1956365157
1961418403
1962378386
1966022969
1966036544
1967551548
1969049028
1973900568
1975821669
1976196764
1978323897
1980489936
1982225561
1983209080
1983602674
1984040481
1984324685
1984464284
1985086085
1987814498
1991794140
1995411681
1996910827
1996988901
1998354129
1998922950
1999085518
1999288694
2004848704
2006518685
2010509764
2012077557
2012201657
2012744878
2024095948
2028444429
2028565548
2029030348
2032777596
2035808422
2036476545
2046166821
2047308041
2047860843
2049881900
2051367037
2052618001
2053340979
2056190767
2060307062
2060749370
2063708570
2064642727
2066094511
2066965930
2069573541
2071002995
2071115152
2073227601
2076023996
2076115948
2076381686
2097554509
2098321255
2102162662
2103600342
2103839748
2110827846
2114492393
2118850600
2122946872
2123198692
2124388096
2124828978
2125241747
2126850234
2128331736
2129461980
2130080205
2131084568
2133187490
2134793921
2139359088
2140799059
2140941632
2145291610
2146569196
2146681196
