3203080
8267335
10434656
11269593
18880683
21712344
27275568
37093417
44285119
46128622
46981025
54400224
63369832
64376103
68294634
69137517
69234010
77308410
84599927
89735098
101473695
104678485
113197323
114467430
128486495
135918498
143848273
145467583
150439769
150778828
155688727
156729236
156874449
164328774
171041020
185998669
187681755
189498997
192459426
194905115
195381338
198569924
200158061
200506848
202370801
203229116
207631164
227027467
233146723
235647908
242866735
245535565
251142360
259482967
266078488
266742605
267052646
269746593
272380861
277377633
284793705
285012665
286310102
294925090
301249383
305113515
307468938
309420612
316475351
325994608
326094855
339931637
340437030
346832540
349013297
349931920
351751144
351976510
353534152
367998777
368058218
375410521
381764995
382413781
385957300
386171744
386493859
394323009
396025734
408308698
410891529
420609648
425745678
425858879
425992849
426606811
426802886
432994925
439237868
439572601
439807243
449183793
450204577
451598580
454987844
456319892
456824711
457150112
467238325
471358486
476042466
482610919
488961055
489473209
490169234
490415823
490764673
498339040
501055678
502896003
506143967
508507564
512712100
524507626
532922050
538121877
542308681
546918212
563081103
566311771
571903309
590268527
591178329
591450386
595987525
599473932
600872767
608244712
610979307
612660199
615898030
618602054
619827992
621671527
628758624
638522160
638694325
652871523
655594787
679286337
704944419
708741001
709438312
716956750
717931209
719622378
720044452
727018890
730484322
734408871
737618417
747905442
762488880
763002909
765097646
771835491
786850982
788385673
789957061
793089432
795373531
795801834
799009029
802530290
809619976
817391808
830564705
831302803
834225865
834557409
841059797
841618893
841958495
845418987
852052010
853241606
853376078
860088092
860295488
862414275
868985788
869780394
873913821
875977585
891686055
898508403
917748383
920672101
925523081
931367875
938165978
938920443
946070675
949111177
949787234
951597638
952385656
955239736
960438223
965090971
968557600
981098748
982145727
1002365322
1004767341
1009424904
1013396616
1017120679
1018094565
1019315756
1021271875
1022018416
1027700923
1034718774
1035674956
1038721054
1042168685
1050261854
1072260602
1077920217
1079681815
1084246059
1085487787
1094768481
1098013276
1100474735
1101276050
1106120596
1113090425
1114008595
1114058670
1115162593
1117671995
1122523754
1123793814
1127893300
1154983132
1161709977
1162121533
1167905120
1169493359
1173497714
1177578074
1185890709
1188978988
1189932149
1192576495
1197185406
1197208247
1197295372
1201941421
1203090471
1205044046
1207501266
1214615659
1219594645
1220873403
1230195620
1231161279
1231402582
1231639777
1240180277
1243083520
1243180327
1243884818
1248779014
1250671339
1257493200
1260903620
1266911636
1276020559
1282142675
1297962184
1309571482
1313275625
1313516848
1323337682
1323900339
1327353122
1333726986
1335619018
1336491917
1350370468
1354415490
1357166091
1361201747
1361389962
1374541704
1376270546
1381045632
1405080246
1416931347
1422136764
1425949321
1426109570
1427846946
1429734150
1432986399
1434371576
1439557555
1443771704
1446100901
1446808065
1451339476
1464088531
1467773082
1470285886
1471103081
1479435535
1481956518
1488844845
1489443300
1491011862
1493672976
1495179318
1512725724
1514932574
1516777440
1524644788
1524940922
1525808203
1526983118
1531877620
1541592531
1552258867
1552425033
1554492062
1554625228
1559792162
1561661852
1568641316
1571304785
1572321324
1574123717
1576318716
1579099917
1582478431
1583870916
1592716515
1597310295
1597622240
1598145928
1601591290
1611289009
1614769638
1620013928
1620406624
1624653256
1628540704
1637799087
1640409275
1640628873
1641793172
1650657048
1657202144
1659004346
1661208381
1661259808
1662396983
1666631376
1674774712
1687975249
1691662228
1694657246
1701111370
1702786800
1702860575
1708072178
1709209870
1721978294
1723212424
1724244600
1729442739
1742627576
1743842818
1754525202
1755221518
1756053814
1763203926
1767174169
1769530383
1772634528
1773578477
1773647987
1775092942
1775911636
1784440435
1785958619
1795444486
1798258951
1800547321
1803145596
1803940285
1804093814
1810931780
1813941364
1814463924
1816583398
1818079891
1819019594
1823848132
1825678827
1835291377
1835839671
1836628060
1837806496
1841795529
1844046208
1854127058
1858139819
1859340695
1860059975
1861534014
1862988983
1863026115
1863178055
1868563184
1882439297
1884510671
1885867855
1886618245
1891844176
1895748129
1898594327
1899912138
1905176799
1906863786
1915515660
1919815914
1928153145
1930310049
1940357282
1943716879
1944177400
1946975715
1948288967
1949606664
1956855644
1959387337
1974006491
1977469978
1990013168
1990205743
1992804553
1995607786
2004830835
2007694873
2007839063
2007870791
2008594195
2013336095
2014138987
2023656202
2026988695
2027633051
2032120809
2033394271
2034116291
2035369008
2035926841
2040006180
2040924378
2043539036
2054527132
2056143661
2056333714
2056841470
2057711229
2059369125
2060725324
2061518188
2066743906
2069075908
2069111444
2071447679
2072152520
2075869770
2077011684
2079955631
2086758079
2089003283
2097932104
2107488496
2113155346
2119208188
2124345677
2130986362
2134781722
2145375599
2146317565
