51019
9969486
30906351
32476075
33614852
34383366
58198279
73218677
98997592
102989786
108500159
159366007
170166165
172635862
186596352
211146258
219143176
222290636
229007157
230352514
253690517
263547326
264475578
266427203
296527496
298593252
302706977
304605118
318292291
323137292
331801641
334221289
351326627
359589863
362808340
377259506
421659174
422904681
425258605
426834254
431993877
436592106
447107833
448365881
452140040
456559826
465844608
472014890
473153190
481810382
489895488
491345320
491457319
492167633
504785490
514475486
517185241
518891736
519819651
527673425
544142483
556264094
560967515
569266912
573991783
574412765
579382320
582644680
582811705
585762434
587746622
596998251
606290023
619920156
626347203
637063708
638729723
649805851
654198233
667847805
684700812
701628472
703132532
714306217
714937875
718633515
721533293
725112176
730604567
734380470
734918693
738469817
744515753
748132823
760627210
769369695
775916429
777552897
779968538
780224113
786447454
796848863
802265285
806084447
809681941
811353079
816436602
829050243
842733259
844464491
863378150
867996628
871460127
873998432
886800669
888872238
889011704
898645648
905511521
914847915
923695846
928448280
963424543
978091069
989085332
994988826
1006513157
1020171975
1023868983
1037652839
1050860039
1055018352
1078504083
1092651046
1101796406
1102866186
1104145708
1110660578
1113954359
1119053942
1135289012
1137101811
1148155698
1151071492
1154059468
1155840627
1167564385
1169428913
1176656217
1200366455
1204881387
1210658007
1217471014
1222096507
1246928828
1251058294
1253989653
1256744827
1264240491
1271145759
1283947581
1287722112
1288859681
1293510191
1314683166
1353019436
1360779926
1395527844
1424193054
1434234466
1445477199
1468766698
1476096656
1488151006
1492409103
1493275818
1493911304
1497913294
1505096291
1531615980
1533402835
1533639076
1536651814
1551516402
1579918848
1581102343
1583149107
1603131221
1604201044
1607819889
1619453267
1622483376
1628780752
1636215921
1640988136
1657412546
1668775864
1672649563
1679520507
1689110884
1694440697
1696820962
1699422297
1730224980
1742827152
1753800742
1754409101
1759221906
1763305749
1769708103
1782337728
1806672135
1813258309
1840941993
1846251159
1852733971
1854375645
1864236828
1876508020
1876748057
1879773699
1879843205
1894391345
1894746686
1896021430
1897080353
1901695227
1910389434
1912067020
1912889677
1940073845
1940103636
1950814379
1956974998
1961109599
1970077894
2014823185
2019906890
2024882819
2029228097
2043004219
2046180661
2052766065
2063372316
2080012618
2107399856
2123266874
2125470465
2125721556
2141928502
